5237
9699
7312
5790
1024
3062
8520
1872
8406
5044
6938
1692
6203
9553
7052
5669
7171
8219
2593
6346
2741
5736
2013
770
4457
6061
8470
383
215
4906
2034
6354
7046
240
3491
5161
8880
5124
1283
7264
3671
4309
2059
7268
1601
6213
7457
4986
2277
4949
4673
5282
5967
1260
1614
9270
3332
3215
5982
5279
7409
8447
507
7435
1929
326
3016
9711
4488
1105
5950
75
9259
8937
6615
6186
7540
901
6321
7034
8479
503
4323
5706
1110
3385
522
2085
3957
6985
9454
6031
1711
5511
8364
4773
3313
4966
6372
9736
2922
5826
978
9894
5522
1575
849
5835
4543
23
5473
6408
1444
2230
3186
2012
9018
7884
9827
3416
3764
8850
5577
1570
1100
8577
5311
5099
4691
5568
1968
7300
6648
4390
711
681
7831
6181
6326
3081
8781
1430
8434
7603
9596
3098
9939
2407
5786
6473
3169
3181
4021
4412
968
5962
814
4941
2540
5258
5983
6982
3003
3530
6800
4356
7780
6988
9839
7806
6681
1420
6935
1706
7879
7291
1214
9676
8393
9824
6283
5135
6735
4042
2513
6689
696
1168
6200
2651
2198
8120
8247
6989
4074
6034
3924
3730
4307
2118
1206
6159
915
4600
4115
2786
2054
2320
9303
7746
9174
2468
1032
4343
2652
2304
8813
2931
3306
9497
9695
3555
5885
9765
3372
5321
6336
4902
8665
9525
3297
9425
7755
7491
2188
5027
2879
3547
6605
2176
5541
765
3078
8966
6011
5207
449
4406
1490
7320
4785
9318
399
1035
5587
3325
4449
6678
4214
2377
4123
2313
8419
2829
712
3658
7083
4832
4480
4033
7323
3151
5193
7405
409
1580
3066
8374
4695
5842
6701
7443
8058
1359
4184
4933
1209
7109
1907
2271
7222
9144
13
407
245
8680
7081
8153
5415
7679
5516
94
1920
136
3027
6516
7180
1544
265
3406
701
1593
8014
975
9979
1053
493
7522
9705
2244
8559
8437
9932
8745
8916
5344
3980
9609
3061
773
6082
2067
1665
1710
9660
6311
6329
4126
6217
9162
2853
3503
2445
8324
7768
1757
2529
4620
3271
1567
5233
6208
4545
4943
2702
2305
4983
3650
1258
4578
2796
5121
5146
2342
7279
1515
8112
2113
3830
3348
3629
6288
8137
1395
4150
2364
1556
7193
6540
774
7317
6370
2673
4628
3122
5015
7515
1418
9079
7660
253
5482
1666
919
913
9088
8487
1272
5459
8866
6457
4919
8908
8688
9766
1043
9300
3487
6920
5025
2790
3728
3775
1063
6277
5805
3024
5185
8069
6577
6129
8002
1566
2036
9675
2677
4882
6781
7918
3680
2375
845
5418
3518
7659
946
8573
7281
6189
9230
5062
820
5267
2929
3147
6257
819
5247
448
118
1980
7643
6714
6332
8522
6773
5299
157
4095
8383
698
2666
7777
7986
5521
9274
7197
2650
1921
9142
4265
4445
6912
9650
1481
5930
5611
2072
3748
8840
8098
5642
8243
9134
8298
788
2081
8131
7838
3109
2130
5762
2728
8282
9770
5481
4824
9969
3199
4313
