Multiple size <= 100
TEST 1 ARG:97 75 4 18 49 50 92 31 77 46 39 91 59 35 93 45 87 83 47 80 48 76 33 26 86 68 74 13 79 82 51 63 6 38 55 25 24 85 44 37 71 2 42 88 56 17 12 73 28 81 64 53 41 29 0 78 21 23 3 60 90 8 99 22 58 70 14 98 72 36 62 15 89 20 11 27 32 1 40 52 9 84 34 19 5 10 65 43 54 69 67 66 61 7 96 95 57 94 16 30
TEST 2 ARG:97 67 42 45 37 3 82 16 53 32 49 38 79 33 31 78 14 91 10 92 74 69 77 98 22 17 6 23 4 63 96 64 87 12 73 94 61 2 85 5 8 57 20 9 90 58 59 76 89 46 81 71 60 66 55 11 26 54 36 7 70 75 27 41 56 68 25 0 28 19 18 65 50 43 72 88 1 44 35 93 15 13 40 30 62 99 48 47 95 39 83 51 34 86 52 24 80 29 84 21
TEST 3 ARG:63 91 60 35 78 8 76 47 51 41 99 86 89 14 90 33 13 20 34 93 40 98 53 82 48 2 38 92 57 43 95 87 1 73 28 56 7 22 96 81 17 11 74 50 3 29 31 46 44 18 16 4 55 25 65 37 61 84 66 24 77 5 26 23 62 0 36 85 88 49 45 71 32 30 39 12 75 19 58 52 70 59 94 21 27 79 80 83 67 42 97 68 54 69 64 9 72 15 6 10
TEST 4 ARG:85 65 6 36 14 52 29 47 49 84 61 46 34 7 28 75 15 18 37 70 0 59 67 30 69 79 96 62 68 63 31 95 20 3 72 98 1 56 23 17 58 55 76 25 27 4 81 90 78 35 39 11 32 50 13 82 41 80 21 97 22 92 87 5 73 53 43 44 33 45 10 91 66 38 83 77 8 64 74 24 57 89 86 51 42 60 93 40 48 26 16 12 54 71 9 19 99 2 94 88
TEST 5 ARG:63 69 34 22 87 20 19 38 7 81 46 9 12 95 18 2 6 51 31 30 16 41 94 85 91 78 55 5 53 32 25 52 42 8 70 74 96 44 79 49 23 24 86 90 75 21 50 61 29 48 28 57 64 13 14 65 62 99 59 72 68 26 40 76 27 71 1 3 4 89 92 47 66 77 43 33 93 84 82 97 80 56 54 98 11 67 35 17 36 0 88 60 37 73 58 15 10 45 83 39
TEST 6 ARG:92 38 90 5 80 77 27 74 32 98 3 50 22 44 16 97 63 10 49 64 41 2 48 78 4 40 43 83 73 67 14 13 20 71 46 86 51 24 58 35 11 85 28 9 84 21 91 82 33 93 15 7 94 87 66 34 12 70 1 53 26 99 68 18 61 57 69 76 29 62 31 52 55 17 79 56 45 95 89 75 8 47 37 59 0 65 88 30 36 60 19 6 42 23 72 81 54 96 39 25
TEST 7 ARG:51 64 70 90 96 71 37 75 63 21 95 36 27 40 84 1 5 23 14 17 24 92 54 78 48 67 31 8 76 26 9 66 30 80 56 57 32 38 2 82 45 7 65 77 93 85 6 11 16 12 41 49 55 3 74 98 46 13 68 88 61 53 50 52 73 29 62 4 79 35 59 72 39 58 43 18 60 94 33 34 44 83 99 28 22 20 42 87 47 15 0 19 25 10 86 91 97 89 81 69
TEST 8 ARG:51 60 79 7 89 64 44 70 53 41 90 46 73 59 8 29 71 19 82 76 21 30 83 58 62 33 34 36 91 24 93 37 49 94 85 75 48 0 2 3 95 52 55 77 14 12 68 63 84 31 9 87 98 32 74 17 67 88 5 13 72 54 80 45 42 28 27 47 69 56 40 57 11 6 38 61 50 25 86 18 97 96 1 15 35 22 10 66 20 16 23 26 78 99 39 81 65 43 92 4
TEST 9 ARG:23 36 25 80 88 92 72 94 43 99 22 61 9 15 73 27 66 93 63 18 56 35 6 55 32 39 90 1 76 44 97 40 98 77 65 28 52 50 91 68 60 59 70 49 34 33 26 7 16 41 67 21 17 3 19 8 42 83 2 81 51 58 31 85 75 54 10 48 53 95 78 37 13 71 62 89 14 12 84 47 29 82 24 79 45 11 74 57 38 5 64 87 0 4 86 69 96 46 20 30
TEST 10 ARG:10 28 7 17 1 45 32 87 93 23 88 33 46 39 36 72 66 12 76 26 97 52 53 50 18 31 8 19 29 6 58 64 42 94 74 35 75 43 51 0 59 57 48 41 4 3 68 63 61 92 89 15 24 65 95 81 69 25 78 96 80 98 2 47 83 85 22 84 54 60 27 67 56 40 79 38 21 34 16 99 11 71 14 55 30 20 73 5 82 37 62 70 44 49 90 86 13 9 77 91
TEST 11 ARG:6 96 94 66 56 20 93 55 2 14 48 13 53 26 99 34 42 40 46 44 95 1 0 59 23 74 27 64 45 54 9 21 69 75 85 81 31 70 5 12 29 18 73 77 90 78 79 30 22 88 38 36 62 83 25 11 19 58 17 28 91 89 98 71 24 68 67 72 92 33 65 37 47 57 82 32 97 80 87 35 84 15 60 4 16 7 50 76 49 43 39 10 3 61 41 8 51 52 63 86
TEST 12 ARG:91 35 21 83 7 50 61 88 77 41 95 85 22 27 93 78 3 45 52 97 59 92 12 86 62 37 25 82 18 81 47 5 51 48 2 73 57 68 8 10 66 32 11 9 28 75 90 39 64 70 29 67 36 99 72 60 53 89 23 1 80 84 33 19 87 30 74 65 44 20 55 49 0 24 71 76 4 56 79 42 13 94 69 46 43 63 38 16 15 40 31 26 98 14 96 58 34 17 54 6
TEST 13 ARG:80 83 82 43 17 8 64 50 56 32 42 20 95 45 65 29 23 76 30 75 49 41 77 13 96 73 81 12 92 11 14 21 44 15 6 9 54 90 27 88 37 7 39 67 2 85 79 69 58 33 40 97 84 36 74 34 86 89 0 99 98 25 1 68 53 66 61 63 31 18 55 10 22 91 62 38 70 71 59 24 60 35 16 72 5 19 26 51 57 94 48 3 46 4 78 52 87 28 47 93
TEST 14 ARG:20 71 18 11 49 69 83 30 8 22 99 40 17 87 38 51 44 54 50 85 26 53 21 80 89 91 75 79 86 3 43 94 36 15 81 97 98 82 10 47 46 52 77 65 27 93 0 28 16 55 31 61 33 25 72 59 9 14 1 58 19 37 45 84 41 67 34 48 74 73 42 13 56 4 95 23 62 29 96 35 39 12 66 90 5 92 24 76 6 70 60 2 7 57 63 64 68 88 32 78
